ОТЧЕТ ПО ОБРАБОТКЕ OCR (EasyOCR)
==================================================

Обработано файлов: 44
Обработано строк: 924
Процент совпадения строк: 91.3%

СРЕДНИЕ МЕТРИКИ:
Средняя Accuracy: 0.5460
Средний CER: 0.5040
Средний WER: 1.5550

МЕТРИКИ ПО ФАЙЛАМ:
    file  avg_accuracy  avg_cer  avg_wer  total_lines  matched_lines
 1_1.png      0.639200 0.430174 1.666667           21             21
 1_2.png      0.648867 0.418235 1.593254           21             21
 1_3.png      0.577643 0.448398 1.196429           21             21
 1_4.png      0.677230 0.357571 1.434524           21             21
 1_5.png      0.679341 0.369510 1.587302           21             21
 1_6.png      0.614756 0.436448 1.587302           21             21
 1_7.png      0.665757 0.364684 1.428571           21             21
 1_8.png      0.662859 0.387179 1.831349           21             21
 1_9.png      0.694837 0.344830 1.831349           21             21
1_10.png      0.633096 0.468300 2.380952           21             21
 2_1.png      0.701213 0.331939 1.428571           21             21
 2_2.png      0.623354 0.418042 1.910714           21             21
 2_3.png      0.488374 0.556551 1.672619           21             21
 2_4.png      0.464544 0.568731 1.190476           21             16
 2_5.png      0.574169 0.521055 2.386905           21             21
 2_6.png      0.614654 0.429981 1.746032           21             21
 2_7.png      0.725114 0.351104 1.910714           21             21
 2_8.png      0.505583 0.520958 1.196429           21             16
 2_9.png      0.667805 0.361456 1.513889           21             21
2_10.png      0.047619 0.952381 0.952381           21              1
 3_1.png      0.445666 0.595956 1.672619           21             21
 4_1.png      0.193294 0.828211 0.958333           21             11
 4_2.png      0.493984 0.571771 1.428571           21             21
 4_3.png      0.563369 0.529857 1.587302           21             21
 4_4.png      0.507760 0.532855 1.196429           21             21
 4_5.png      0.649131 0.402955 1.984127           21             21
 4_6.png      0.404186 0.635723 1.672619           21             21
 4_7.png      0.467060 0.565503 1.751984           21             16
 4_8.png      0.690078 0.365534 1.910714           21             21
 4_9.png      0.645505 0.441931 1.990079           21             21
4_10.png      0.666185 0.353391 1.587302           21             21
 5_1.png      0.485739 0.546145 1.269841           21             16
 5_2.png      0.047619 0.952381 0.952381           21              1
 5_3.png      0.687192 0.350254 1.666667           21             21
 5_4.png      0.672817 0.362397 1.434524           21             21
 5_5.png      0.465127 0.644476 1.190476           21             21
 5_6.png      0.450616 0.596650 1.507937           21             16
 5_7.png      0.538098 0.544703 1.434524           21             21
 5_8.png      0.646799 0.415653 1.672619           21             21
 5_9.png      0.501687 0.596704 1.593254           21             21
5_10.png      0.392507 0.649405 1.434524           21             21
 6_1.png      0.497815 0.551918 1.196429           21             21
 6_2.png      0.353221 0.723905 1.367063           21             16
 6_3.png      0.650664 0.382208 1.513889           21             21