ОТЧЕТ ПО ОБРАБОТКЕ OCR
==================================================

Обработано файлов: 44
Обработано строк: 676

СРЕДНИЕ МЕТРИКИ:
Средняя Accuracy: 0.5265
Средний CER: 0.6491
Средний WER: 1.8167

МЕТРИКИ ПО ФАЙЛАМ:
    file  avg_accuracy  avg_cer  avg_wer  total_lines  matched_lines
 1_1.png      0.435725 0.752617 1.772059           17              8
 1_2.png      0.643713 0.417655 1.508772           19             13
 1_3.png      0.091505 1.301918 2.111111           18              0
 1_4.png      0.538013 0.724834 1.750000           16             10
 1_5.png      0.677316 0.399482 1.736842           19             15
 1_6.png      0.619681 0.469625 1.666667           19             13
 1_7.png      0.614227 0.467961 1.789474           19             11
 1_8.png      0.634365 0.437684 1.596491           19             12
 1_9.png      0.716262 0.341614 1.431373           17             14
1_10.png      0.591035 0.553360 1.666667           11              5
 2_1.png      0.696129 0.365631 1.543860           19             15
 2_2.png      0.237487 1.150588 2.616667           20              3
 2_3.png      0.661788 0.414221 1.725877           19             13
 2_4.png      0.470167 1.054116 2.567982           19              4
 2_5.png      0.641529 0.473935 2.140351           19             10
 2_6.png      0.637719 0.478261 1.777778            9              5
 2_7.png      0.554298 0.531026 1.543860           19             11
 2_8.png      0.103385 0.964868 1.583333            4              0
 2_9.png      0.757984 0.289834 1.333333           19             17
2_10.png      1.000000 0.000000 0.000000            1              1
 3_1.png      0.484198 0.944399 1.740741           18              7
 4_1.png      0.730250 0.295652 1.866667            5              5
 4_2.png      0.090924 1.217806 2.083333           16              0
 4_3.png      0.696594 0.347826 1.208333            8              7
 4_4.png      0.715461 0.351049 1.600000           15             13
 4_5.png      0.452507 0.925796 2.037037           18              8
 4_6.png      0.469143 0.577246 2.121528           12              5
 4_7.png      0.505310 0.813368 2.395833           16              4
 4_8.png      0.681527 0.395060 1.736842           19             14
 4_9.png      0.447522 0.659557 2.461538           13              5
4_10.png      0.374191 0.893399 1.925926           18              5
 5_1.png      0.492973 0.891648 2.105263           19              9
 5_2.png      0.662647 0.382764 0.708333            3              2
 5_3.png      0.708039 0.345554 1.456140           19             17
 5_4.png      0.321665 1.084462 2.333333           18              3
 5_5.png      0.502411 0.936055 1.842105           19             10
 5_6.png      0.419216 0.918864 2.238095           21              7
 5_7.png      0.226632 1.156120 2.708333           16              3
 5_8.png      0.487217 0.599051 2.092593           18              9
 5_9.png      0.661463 0.402174 1.375000            8              5
5_10.png      0.631351 0.483851 2.102564           13              9
 6_1.png      0.357667 0.829715 2.466667           20              5
 6_2.png      0.114670 1.065217 1.900000           10              0
 6_3.png      0.609712 0.456363 1.565972           12              7